1|1|5
1|2|4
1|4|3
1|5|2
1|6|3
1|7|3
1|8|4
1|9|5
1|10|4
1|11|3
1|12|3
1|13|4
1|14|3
1|15|3
1|18|3
1|19|4
1|20|3
1|21|3
1|22|4
1|23|3
1|24|2
1|25|3
1|26|4
1|27|3
1|28|3
1|29|3
1|30|3
1|33|4
1|34|3
1|35|4
1|36|3
1|38|4
1|39|3
1|42|3
2
2
2
2
2
2
2
2
2
2
2
2
2
2
2
2
2
2
2
2
2
2
2
2
2
2
2
2
2
2
2
2
33
3
3
3
3
3
3
3
3
3
3
3
3
3
3
3
3
3
3
3
3
3
3
3
3
3
3
4
4
4
4
4
4
4
4
4
4
4
4
4
4
4
4
4
4
4
4
4
4
4
4
4
5
5
5
5
5
5
5
5
5
5
5
5
5
5
5
5
5
5
5
5
5
5
5
5
5
5
5
5
5
5
5
5
5
5
6
6
6
6
6
6
6
6
6
6
6
6
6
6
6
6
6
6
6
6
6
66
6
6
6
6
6

7
7
7
7
7
7
7
7
7
7
7
7
7
7
7
7
7
7
7
7
7
7
7
7
7
7
7
7
7
7
7

